%YAML:1.0
---
type: IMU
name: IMU_test
Gyr:
   unit: " rad/s"
   avg-axis:
      gyr_n: 2.1064648082136994e-01
      gyr_w: 1.2277068235077872e-03
   x-axis:
      gyr_n: 2.1851899161838642e-01
      gyr_w: 1.2979328573293160e-03
   y-axis:
      gyr_n: 2.0772402760040790e-01
      gyr_w: 1.2481651010538752e-03
   z-axis:
      gyr_n: 2.0569642324531548e-01
      gyr_w: 1.1370225121401700e-03
Acc:
   unit: " m/s^2"
   avg-axis:
      acc_n: 2.6869836280689885e-01
      acc_w: 4.1229933374323279e-03
   x-axis:
      acc_n: 2.7108933002798891e-01
      acc_w: 5.0462148570279810e-03
   y-axis:
      acc_n: 2.6833746692619131e-01
      acc_w: 3.1756445939064887e-03
   z-axis:
      acc_n: 2.6666829146651633e-01
      acc_w: 4.1471205613625136e-03
